Intel Corporation
INTC
38.45
32.38
33.92
34.2
36.07
35.45
25215664
1.5794E11
6.048E10
2.31
0.74
2.97
39.79
14.19
2.41
NVIDIA Corporation
NVDA
168.5
46.03
150.6
151.75
115.28
145.38
26610631
8.727E10
7.54E9
2.98
0.78
3.5
132.07
10.31
14.72
Micron Technology, Inc.
MU
32.96
11.5
32.29
32.24
26.28
30.4
53948379
3.482E10
1.473E10
0.64
1.57
5.25
39.11
12.92
2.5
QUALCOMM Incorporated
QCOM
71.62
51.05
55.93
56.16
57.97
57.09
8456872
8.138E10
2.324E10
3.0
0.91
3.89
61.02
21.22
2.65
Texas Instruments Incorporated
TXN
84.65
60.46
77.5
78.06
78.3
80.47
6644609
7.662E10
1.376E10
3.76
1.05
4.06
85.19
10.66
7.32
Microsoft Corporation
MSFT
72.89
50.39
69.38
69.8
66.02
69.88
28918715
5.2878E11
8.725E10
2.27
0.78
3.32
74.73
9.03
7.73
Apple Inc.
AAPL
156.65
94.37
144.71
145.83
137.42
150.3
31499368
7.4912E11
2.2046E11
8.52
1.89
10.57
158.74
25.76
5.66
International Business Machines
IBM
182.79
147.79
155.35
155.32
166.62
153.09
3262159
1.448E11
7.939E10
12.16
3.38
13.93
165.07
19.51
7.96
Raytheon Company
RTN
165.32
132.89
162.52
162.55
153.27
161.46
1439347
4.67E10
2.427E10
7.76
1.91
8.38
173.47
35.68
4.56
Advanced Micro Devices, Inc.
AMD
15.55
4.82
13.06
13.23
12.33
11.98
87634359
1.191E10
4.42E9
-0.53
0.07
0.29
12.82
0.43
30.48
Berkshire Hathaway Inc. New
BRK-B
177.86
140.95
170.68
169.89
166.62
166.91
3545467
2.7833E8
2.2914E11
9.14
0.0
0
0
178025.25
0.0
Ford Motor Company
F
14.04
10.67
11.13
11.09
11.87
11.09
32917042
4.448E10
1.5323E11
0.94
0.31
1.6
12.8
7.69
1.44
Fiat Chrysler Automobiles N.V.
FCAU
11.65
5.45
10.74
10.96
10.56
10.77
5118798
1.64E10
1.2568E11
1.44
0.56
2.62
15.26
14.48
0.76
AT&T Inc.
T
43.89
36.1
37.87
37.94
40.54
38.41
23717920
2.3129E11
1.6262E11
2.05
0.75
2.96
40.73
20.15
1.88
Texas Instruments Incorporated
TXN
84.65
60.46
77.5
78.06
78.3
80.47
6644609
7.662E10
1.376E10
3.76
1.05
4.06
85.19
10.66
7.32
Clorox Company (The)
CLX
141.76
111.24
135.76
136.2
130.94
135.88
1211530
1.716E10
5.93E9
5.06
1.43
5.7
132.43
3.14
43.42
Duke Energy Corporation (Holdin
DUK
87.75
72.34
84.73
84.97
81.3
85.27
3859290
5.881E10
2.273E10
3.14
1.63
4.84
85.19
58.84
1.44
